TV and Couch Obstacles in place: true
Penalties: -50, -50
Begin New Trial: trial 0
Thresholds: P = 0.0, A1 = 0.0, A2 = 0.0
null
Episode: 1, Agent Path: 7, 11, -1, -1, -1, -1, -1, 15, -1, -1, -1, -1, -1, -1, -1, -1, -1, 14, -1, -1, -1, 13, 12, 13, 12, 13, -1, -1, -1, -1, 14, -1, -1, -1, -1, -1, 15, 11, 7, 6, -1, -1, -1, -1, 5, 6, 2, 3, 
Episode: 1, Agent Path: 7, 11, -1, -1, -1, -1, -1, 15, -1, -1, -1, -1, -1, -1, -1, -1, -1, 14, -1, -1, -1, 13, 12, 13, 12, 13, -1, -1, -1, -1, 14, -1, -1, -1, -1, -1, 15, 11, 7, 6, -1, -1, -1, -1, 5, 6, 2, 3, 
Episode: 2, Agent Path: 7, 11, -1, -1, -1, -1, -1, 15, -1, -1, -1, -1, -1, -1, -1, -1, -1, 14, -1, -1, -1, 13, 12, 13, 12, 13, -1, -1, -1, -1, 14, -1, -1, -1, -1, -1, 15, 11, 7, 6, -1, -1, -1, -1, 5, 1, 2, 3, 
Episode: 2, Agent Path: 7, 11, -1, -1, -1, -1, -1, 15, -1, -1, -1, -1, -1, -1, -1, -1, -1, 14, -1, -1, -1, 13, 12, 13, 12, 13, -1, -1, -1, -1, 14, -1, -1, -1, -1, -1, 15, 11, 7, 6, -1, -1, -1, -1, 5, 1, 2, 3, 
Episode: 3, Agent Path: 7, 11, -1, -1, -1, -1, -1, 15, -1, -1, -1, -1, -1, -1, -1, -1, -1, 14, -1, -1, -1, 13, 12, 13, 12, 13, -1, -1, -1, -1, 14, -1, -1, -1, -1, -1, 15, 11, 7, 6, -1, -1, -1, -1, 5, 6, 2, 3, 
Episode: 3, Agent Path: 7, 11, -1, -1, -1, -1, -1, 15, -1, -1, -1, -1, -1, -1, -1, -1, -1, 14, -1, -1, -1, 13, 12, 13, 12, 13, -1, -1, -1, -1, 14, -1, -1, -1, -1, -1, 15, 11, 7, 6, -1, -1, -1, -1, 5, 6, 2, 3, 
Episode: 4, Agent Path: 7, 11, -1, -1, -1, -1, -1, 15, -1, -1, -1, -1, -1, -1, -1, -1, -1, 14, -1, -1, -1, 13, 12, 13, 12, 13, -1, -1, -1, -1, 14, -1, -1, -1, -1, -1, 15, 11, 7, 6, -1, -1, -1, -1, 5, 6, 2, 3, 
Episode: 4, Agent Path: 7, 11, -1, -1, -1, -1, -1, 15, -1, -1, -1, -1, -1, -1, -1, -1, -1, 14, -1, -1, -1, 13, 12, 13, 12, 13, -1, -1, -1, -1, 14, -1, -1, -1, -1, -1, 15, 11, 7, 6, -1, -1, -1, -1, 5, 6, 2, 3, 
Episode: 5, Agent Path: 7, 11, -1, -1, -1, -1, -1, 15, -1, -1, -1, -1, -1, -1, -1, -1, -1, 14, -1, -1, -1, 13, 12, 13, 12, 13, -1, -1, -1, -1, 14, -1, -1, -1, -1, -1, 15, 11, 7, 6, -1, -1, -1, -1, 5, 1, 2, 3, 
Episode: 5, Agent Path: 7, 11, -1, -1, -1, -1, -1, 15, -1, -1, -1, -1, -1, -1, -1, -1, -1, 14, -1, -1, -1, 13, 12, 13, 12, 13, -1, -1, -1, -1, 14, -1, -1, -1, -1, -1, 15, 11, 7, 6, -1, -1, -1, -1, 5, 1, 2, 3, 
Episode: 6, Agent Path: 7, 11, -1, -1, -1, -1, -1, 15, -1, -1, -1, -1, -1, -1, -1, -1, -1, 14, -1, -1, -1, 13, 12, 13, 12, 13, -1, -1, -1, -1, 14, -1, -1, -1, -1, -1, 15, 11, 7, 6, -1, -1, -1, -1, 5, 6, 2, 3, 
Episode: 6, Agent Path: 7, 11, -1, -1, -1, -1, -1, 15, -1, -1, -1, -1, -1, -1, -1, -1, -1, 14, -1, -1, -1, 13, 12, 13, 12, 13, -1, -1, -1, -1, 14, -1, -1, -1, -1, -1, 15, 11, 7, 6, -1, -1, -1, -1, 5, 6, 2, 3, 
Episode: 7, Agent Path: 7, 11, -1, -1, -1, -1, -1, 15, -1, -1, -1, -1, -1, -1, -1, -1, -1, 14, -1, -1, -1, 13, 12, 13, 12, 13, -1, -1, -1, -1, 14, -1, -1, -1, -1, -1, 15, 11, 7, 6, -1, -1, -1, -1, 5, 1, 2, 3, 
Episode: 7, Agent Path: 7, 11, -1, -1, -1, -1, -1, 15, -1, -1, -1, -1, -1, -1, -1, -1, -1, 14, -1, -1, -1, 13, 12, 13, 12, 13, -1, -1, -1, -1, 14, -1, -1, -1, -1, -1, 15, 11, 7, 6, -1, -1, -1, -1, 5, 1, 2, 3, 
Episode: 8, Agent Path: 7, 11, -1, -1, -1, -1, -1, 15, -1, -1, -1, -1, -1, -1, -1, -1, -1, 14, -1, -1, -1, 13, 12, 13, 12, 13, -1, -1, -1, -1, 14, -1, -1, -1, -1, -1, 15, 11, 7, 6, -1, -1, -1, -1, 5, 6, 2, 3, 
Episode: 8, Agent Path: 7, 11, -1, -1, -1, -1, -1, 15, -1, -1, -1, -1, -1, -1, -1, -1, -1, 14, -1, -1, -1, 13, 12, 13, 12, 13, -1, -1, -1, -1, 14, -1, -1, -1, -1, -1, 15, 11, 7, 6, -1, -1, -1, -1, 5, 6, 2, 3, 
Episode: 9, Agent Path: 7, 11, -1, -1, -1, -1, -1, 15, -1, -1, -1, -1, -1, -1, -1, -1, -1, 14, -1, -1, -1, 13, 12, 13, 12, 13, -1, -1, -1, -1, 14, -1, -1, -1, -1, -1, 15, 11, 7, 6, -1, -1, -1, -1, 5, 1, 2, 3, 
Episode: 9, Agent Path: 7, 11, -1, -1, -1, -1, -1, 15, -1, -1, -1, -1, -1, -1, -1, -1, -1, 14, -1, -1, -1, 13, 12, 13, 12, 13, -1, -1, -1, -1, 14, -1, -1, -1, -1, -1, 15, 11, 7, 6, -1, -1, -1, -1, 5, 1, 2, 3, 
Episode: 10, Agent Path: 7, 11, -1, -1, -1, -1, -1, 15, -1, -1, -1, -1, -1, -1, -1, -1, -1, 14, -1, -1, -1, 13, 12, 13, 12, 13, -1, -1, -1, -1, 14, -1, -1, -1, -1, -1, 15, 11, 7, 6, -1, -1, -1, -1, 5, 6, 2, 3, 
Episode: 10, Agent Path: 7, 11, -1, -1, -1, -1, -1, 15, -1, -1, -1, -1, -1, -1, -1, -1, -1, 14, -1, -1, -1, 13, 12, 13, 12, 13, -1, -1, -1, -1, 14, -1, -1, -1, -1, -1, 15, 11, 7, 6, -1, -1, -1, -1, 5, 6, 2, 3, 
Episode: 11, Agent Path: 7, 11, -1, -1, -1, -1, -1, 15, -1, -1, -1, -1, -1, -1, -1, -1, -1, 14, -1, -1, -1, 13, 12, 13, 12, 13, -1, -1, -1, -1, 14, -1, -1, -1, -1, -1, 15, 11, 7, 6, -1, -1, -1, -1, 5, 1, 2, 3, 
Episode: 11, Agent Path: 7, 11, -1, -1, -1, -1, -1, 15, -1, -1, -1, -1, -1, -1, -1, -1, -1, 14, -1, -1, -1, 13, 12, 13, 12, 13, -1, -1, -1, -1, 14, -1, -1, -1, -1, -1, 15, 11, 7, 6, -1, -1, -1, -1, 5, 1, 2, 3, 
Episode: 12, Agent Path: 7, 11, -1, -1, -1, -1, -1, 15, -1, -1, -1, -1, -1, -1, -1, -1, -1, 14, -1, -1, -1, 13, 12, 13, 12, 13, -1, -1, -1, -1, 14, -1, -1, -1, -1, -1, 15, 11, 7, 6, -1, -1, -1, -1, 5, 1, 2, 3, 
Episode: 12, Agent Path: 7, 11, -1, -1, -1, -1, -1, 15, -1, -1, -1, -1, -1, -1, -1, -1, -1, 14, -1, -1, -1, 13, 12, 13, 12, 13, -1, -1, -1, -1, 14, -1, -1, -1, -1, -1, 15, 11, 7, 6, -1, -1, -1, -1, 5, 1, 2, 3, 
Episode: 13, Agent Path: 7, 11, -1, -1, -1, -1, -1, 15, -1, -1, -1, -1, -1, -1, -1, -1, -1, 14, -1, -1, -1, 13, 12, 13, 12, 13, -1, -1, -1, -1, 14, -1, -1, -1, -1, -1, 15, 11, 7, 6, -1, -1, -1, -1, 5, 1, 2, 3, 
Episode: 13, Agent Path: 7, 11, -1, -1, -1, -1, -1, 15, -1, -1, -1, -1, -1, -1, -1, -1, -1, 14, -1, -1, -1, 13, 12, 13, 12, 13, -1, -1, -1, -1, 14, -1, -1, -1, -1, -1, 15, 11, 7, 6, -1, -1, -1, -1, 5, 1, 2, 3, 
Episode: 14, Agent Path: 7, 11, -1, -1, -1, -1, -1, 15, -1, -1, -1, -1, -1, -1, -1, -1, -1, 14, -1, -1, -1, 13, 12, 13, 12, 13, -1, -1, -1, -1, 14, -1, -1, -1, -1, -1, 15, 11, 7, 6, -1, -1, -1, -1, 5, 6, 2, 3, 
Episode: 14, Agent Path: 7, 11, -1, -1, -1, -1, -1, 15, -1, -1, -1, -1, -1, -1, -1, -1, -1, 14, -1, -1, -1, 13, 12, 13, 12, 13, -1, -1, -1, -1, 14, -1, -1, -1, -1, -1, 15, 11, 7, 6, -1, -1, -1, -1, 5, 6, 2, 3, 
Episode: 15, Agent Path: 7, 11, -1, -1, -1, -1, -1, 15, -1, -1, -1, -1, -1, -1, -1, -1, -1, 14, -1, -1, -1, 13, 12, 13, 12, 13, -1, -1, -1, -1, 14, -1, -1, -1, -1, -1, 15, 11, 7, 6, -1, -1, -1, -1, 5, 6, 2, 3, 
Episode: 15, Agent Path: 7, 11, -1, -1, -1, -1, -1, 15, -1, -1, -1, -1, -1, -1, -1, -1, -1, 14, -1, -1, -1, 13, 12, 13, 12, 13, -1, -1, -1, -1, 14, -1, -1, -1, -1, -1, 15, 11, 7, 6, -1, -1, -1, -1, 5, 6, 2, 3, 
Episode: 16, Agent Path: 7, 11, -1, -1, -1, -1, -1, 15, -1, -1, -1, -1, -1, -1, -1, -1, -1, 14, -1, -1, -1, 13, 12, 13, 12, 13, -1, -1, -1, -1, 14, -1, -1, -1, -1, -1, 15, 11, 7, 6, -1, -1, -1, -1, 5, 1, 2, 3, 
Episode: 16, Agent Path: 7, 11, -1, -1, -1, -1, -1, 15, -1, -1, -1, -1, -1, -1, -1, -1, -1, 14, -1, -1, -1, 13, 12, 13, 12, 13, -1, -1, -1, -1, 14, -1, -1, -1, -1, -1, 15, 11, 7, 6, -1, -1, -1, -1, 5, 1, 2, 3, 
Episode: 17, Agent Path: 7, 11, -1, -1, -1, -1, -1, 15, -1, -1, -1, -1, -1, -1, -1, -1, -1, 14, -1, -1, -1, 13, 12, 13, 12, 13, -1, -1, -1, -1, 14, -1, -1, -1, -1, -1, 15, 11, 7, 6, -1, -1, -1, -1, 5, 6, 2, 3, 
Episode: 17, Agent Path: 7, 11, -1, -1, -1, -1, -1, 15, -1, -1, -1, -1, -1, -1, -1, -1, -1, 14, -1, -1, -1, 13, 12, 13, 12, 13, -1, -1, -1, -1, 14, -1, -1, -1, -1, -1, 15, 11, 7, 6, -1, -1, -1, -1, 5, 6, 2, 3, 
Episode: 18, Agent Path: 7, 11, -1, -1, -1, -1, -1, 15, -1, -1, -1, -1, -1, -1, -1, -1, -1, 14, -1, -1, -1, 13, 12, 13, 12, 13, -1, -1, -1, -1, 14, -1, -1, -1, -1, -1, 15, 11, 7, 6, -1, -1, -1, -1, 5, 6, 2, 3, 
Episode: 18, Agent Path: 7, 11, -1, -1, -1, -1, -1, 15, -1, -1, -1, -1, -1, -1, -1, -1, -1, 14, -1, -1, -1, 13, 12, 13, 12, 13, -1, -1, -1, -1, 14, -1, -1, -1, -1, -1, 15, 11, 7, 6, -1, -1, -1, -1, 5, 6, 2, 3, 
Episode: 19, Agent Path: 7, 11, -1, -1, -1, -1, -1, 15, -1, -1, -1, -1, -1, -1, -1, -1, -1, 14, -1, -1, -1, 13, 12, 13, 12, 13, -1, -1, -1, -1, 14, -1, -1, -1, -1, -1, 15, 11, 7, 6, -1, -1, -1, -1, 5, 6, 2, 3, 
Episode: 19, Agent Path: 7, 11, -1, -1, -1, -1, -1, 15, -1, -1, -1, -1, -1, -1, -1, -1, -1, 14, -1, -1, -1, 13, 12, 13, 12, 13, -1, -1, -1, -1, 14, -1, -1, -1, -1, -1, 15, 11, 7, 6, -1, -1, -1, -1, 5, 6, 2, 3, 
Episode: 20, Agent Path: 7, 11, -1, -1, -1, -1, -1, 15, -1, -1, -1, -1, -1, -1, -1, -1, -1, 14, -1, -1, -1, 13, 12, 13, 12, 13, -1, -1, -1, -1, 14, -1, -1, -1, -1, -1, 15, 11, 7, 6, -1, -1, -1, -1, 5, 1, 2, 3, 
Episode: 20, Agent Path: 7, 11, -1, -1, -1, -1, -1, 15, -1, -1, -1, -1, -1, -1, -1, -1, -1, 14, -1, -1, -1, 13, 12, 13, 12, 13, -1, -1, -1, -1, 14, -1, -1, -1, -1, -1, 15, 11, 7, 6, -1, -1, -1, -1, 5, 1, 2, 3, 
Episode: 21, Agent Path: 2, -1, -1, -1, -1, -1, -1, -1, -1, -1, -1, -1, -1, -1, -1, -1, -1, -1, -1, -1, -1, -1, -1, -1, -1, -1, 1, 5, 1, 2, 3, 
Episode: 21, Agent Path: 2, -1, -1, -1, -1, -1, -1, -1, -1, -1, -1, -1, -1, -1, -1, -1, -1, -1, -1, -1, -1, -1, -1, -1, -1, -1, 1, 5, 1, 2, 3, 
Episode: 22, Agent Path: 2, -1, -1, -1, -1, -1, -1, -1, -1, -1, -1, -1, -1, -1, -1, -1, -1, -1, -1, -1, -1, -1, -1, -1, -1, -1, 1, 5, 1, 2, 3, 
Episode: 22, Agent Path: 2, -1, -1, -1, -1, -1, -1, -1, -1, -1, -1, -1, -1, -1, -1, -1, -1, -1, -1, -1, -1, -1, -1, -1, -1, -1, 1, 5, 1, 2, 3, 
Episode: 23, Agent Path: 2, -1, -1, -1, -1, -1, -1, -1, -1, -1, -1, -1, -1, -1, -1, -1, -1, -1, -1, -1, -1, -1, -1, -1, -1, -1, 1, 5, 1, 2, 3, 
Episode: 23, Agent Path: 2, -1, -1, -1, -1, -1, -1, -1, -1, -1, -1, -1, -1, -1, -1, -1, -1, -1, -1, -1, -1, -1, -1, -1, -1, -1, 1, 5, 1, 2, 3, 
Episode: 24, Agent Path: 2, -1, -1, -1, -1, -1, -1, -1, -1, -1, -1, -1, -1, -1, -1, -1, -1, -1, -1, -1, -1, -1, -1, -1, -1, -1, 1, 5, 1, 2, 3, 
Episode: 24, Agent Path: 2, -1, -1, -1, -1, -1, -1, -1, -1, -1, -1, -1, -1, -1, -1, -1, -1, -1, -1, -1, -1, -1, -1, -1, -1, -1, 1, 5, 1, 2, 3, 
Episode: 25, Agent Path: 2, -1, -1, -1, -1, -1, -1, -1, -1, -1, -1, -1, -1, -1, -1, -1, -1, -1, -1, -1, -1, -1, -1, -1, -1, -1, 1, 5, 1, 2, 3, 
Episode: 25, Agent Path: 2, -1, -1, -1, -1, -1, -1, -1, -1, -1, -1, -1, -1, -1, -1, -1, -1, -1, -1, -1, -1, -1, -1, -1, -1, -1, 1, 5, 1, 2, 3, 
Episode: 26, Agent Path: 2, -1, -1, -1, -1, -1, -1, -1, -1, -1, -1, -1, -1, -1, -1, -1, -1, -1, -1, -1, -1, -1, -1, -1, -1, -1, 1, 5, 1, 2, 3, 
Episode: 26, Agent Path: 2, -1, -1, -1, -1, -1, -1, -1, -1, -1, -1, -1, -1, -1, -1, -1, -1, -1, -1, -1, -1, -1, -1, -1, -1, -1, 1, 5, 1, 2, 3, 
Episode: 27, Agent Path: 2, -1, -1, -1, -1, -1, -1, -1, -1, -1, -1, -1, -1, -1, -1, -1, -1, -1, -1, -1, -1, -1, -1, -1, -1, -1, 1, 5, 1, 2, 3, 
Episode: 27, Agent Path: 2, -1, -1, -1, -1, -1, -1, -1, -1, -1, -1, -1, -1, -1, -1, -1, -1, -1, -1, -1, -1, -1, -1, -1, -1, -1, 1, 5, 1, 2, 3, 
Episode: 28, Agent Path: 2, -1, -1, -1, -1, -1, -1, -1, -1, -1, -1, -1, -1, -1, -1, -1, -1, -1, -1, -1, -1, -1, -1, -1, -1, -1, 1, 5, 1, 2, 3, 
Episode: 28, Agent Path: 2, -1, -1, -1, -1, -1, -1, -1, -1, -1, -1, -1, -1, -1, -1, -1, -1, -1, -1, -1, -1, -1, -1, -1, -1, -1, 1, 5, 1, 2, 3, 
Episode: 29, Agent Path: 2, -1, -1, -1, -1, -1, -1, -1, -1, -1, -1, -1, -1, -1, -1, -1, -1, -1, -1, -1, -1, -1, -1, -1, -1, -1, 1, 5, 1, 2, 3, 
Episode: 29, Agent Path: 2, -1, -1, -1, -1, -1, -1, -1, -1, -1, -1, -1, -1, -1, -1, -1, -1, -1, -1, -1, -1, -1, -1, -1, -1, -1, 1, 5, 1, 2, 3, 
Episode: 30, Agent Path: 2, -1, -1, -1, -1, -1, -1, -1, -1, -1, -1, -1, -1, -1, -1, -1, -1, -1, -1, -1, -1, -1, -1, -1, -1, -1, 1, 5, 1, 2, 3, 
Episode: 30, Agent Path: 2, -1, -1, -1, -1, -1, -1, -1, -1, -1, -1, -1, -1, -1, -1, -1, -1, -1, -1, -1, -1, -1, -1, -1, -1, -1, 1, 5, 1, 2, 3, 
Episode: 31, Agent Path: 2, 1, 5, 1, 2, 3, 
Episode: 31, Agent Path: 2, 1, 5, 1, 2, 3, 
Episode: 32, Agent Path: 2, 1, 5, 1, 2, 3, 
Episode: 32, Agent Path: 2, 1, 5, 1, 2, 3, 
Episode: 33, Agent Path: 2, 1, 5, 1, 2, 3, 
Episode: 33, Agent Path: 2, 1, 5, 1, 2, 3, 
Episode: 34, Agent Path: 2, 1, 5, 1, 2, 3, 
Episode: 34, Agent Path: 2, 1, 5, 1, 2, 3, 
Episode: 35, Agent Path: 2, 1, 5, 1, 2, 3, 
Episode: 35, Agent Path: 2, 1, 5, 1, 2, 3, 
Episode: 36, Agent Path: 2, 1, 5, 1, 2, 3, 
Episode: 36, Agent Path: 2, 1, 5, 1, 2, 3, 
Episode: 37, Agent Path: 2, 1, 5, 1, 2, 3, 
Episode: 37, Agent Path: 2, 1, 5, 1, 2, 3, 
Episode: 38, Agent Path: 2, 1, 5, 1, 2, 3, 
Episode: 38, Agent Path: 2, 1, 5, 1, 2, 3, 
Episode: 39, Agent Path: 2, 1, 5, 1, 2, 3, 
Episode: 39, Agent Path: 2, 1, 5, 1, 2, 3, 
Episode: 40, Agent Path: 2, 1, 5, 1, 2, 3, 
Episode: 40, Agent Path: 2, 1, 5, 1, 2, 3, 
Episode: 41, Agent Path: 7, 11, -1, -1, -1, -1, -1, -1, -1, -1, -1, -1, -1, -1, -1, -1, -1, -1, -1, -1, -1, -1, -1, -1, -1, -1, -1, -1, -1, -1, -1, -1, -1, -1, -1, -1, -1, -1, -1, -1, -1, -1, -1, -1, -1, -1, -1, -1, -1, -1, -1, -1, -1, -1, -1, -1, -1, 15, -1, -1, -1, -1, -1, -1, -1, -1, -1, 14, -1, -1, -1, 13, 12, 13, 12, 13, -1, -1, -1, -1, 14, -1, -1, -1, -1, -1, 15, 11, 7, 6, -1, -1, -1, -1, 5, 6, 2, 3, 
Episode: 41, Agent Path: 7, 11, -1, -1, -1, -1, -1, -1, -1, -1, -1, -1, -1, -1, -1, -1, -1, -1, -1, -1, -1, -1, -1, -1, -1, -1, -1, -1, -1, -1, -1, -1, -1, -1, -1, -1, -1, -1, -1, -1, -1, -1, -1, -1, -1, -1, -1, -1, -1, -1, -1, -1, -1, -1, -1, -1, -1, 15, -1, -1, -1, -1, -1, -1, -1, -1, -1, 14, -1, -1, -1, 13, 12, 13, 12, 13, -1, -1, -1, -1, 14, -1, -1, -1, -1, -1, 15, 11, 7, 6, -1, -1, -1, -1, 5, 6, 2, 3, 
Episode: 42, Agent Path: 7, 11, -1, -1, -1, -1, -1, -1, -1, -1, -1, -1, -1, -1, -1, -1, -1, -1, -1, -1, -1, -1, -1, -1, -1, -1, -1, -1, -1, -1, -1, -1, -1, -1, -1, -1, -1, -1, -1, -1, -1, -1, -1, -1, -1, -1, -1, -1, -1, -1, -1, -1, -1, -1, -1, -1, -1, 15, -1, -1, -1, -1, -1, -1, -1, -1, -1, 14, -1, -1, -1, 13, 12, 13, 12, 13, -1, -1, -1, -1, 14, -1, -1, -1, -1, -1, 15, 11, 7, 6, -1, -1, -1, -1, 5, 6, 2, 3, 
Episode: 42, Agent Path: 7, 11, -1, -1, -1, -1, -1, -1, -1, -1, -1, -1, -1, -1, -1, -1, -1, -1, -1, -1, -1, -1, -1, -1, -1, -1, -1, -1, -1, -1, -1, -1, -1, -1, -1, -1, -1, -1, -1, -1, -1, -1, -1, -1, -1, -1, -1, -1, -1, -1, -1, -1, -1, -1, -1, -1, -1, 15, -1, -1, -1, -1, -1, -1, -1, -1, -1, 14, -1, -1, -1, 13, 12, 13, 12, 13, -1, -1, -1, -1, 14, -1, -1, -1, -1, -1, 15, 11, 7, 6, -1, -1, -1, -1, 5, 6, 2, 3, 
Episode: 43, Agent Path: 7, 11, -1, -1, -1, -1, -1, -1, -1, -1, -1, -1, -1, -1, -1, -1, -1, -1, -1, -1, -1, -1, -1, -1, -1, -1, -1, -1, -1, -1, -1, -1, -1, -1, -1, -1, -1, -1, -1, -1, -1, -1, -1, -1, -1, -1, -1, -1, -1, -1, -1, -1, -1, -1, -1, -1, -1, 15, -1, -1, -1, -1, -1, -1, -1, -1, -1, 14, -1, -1, -1, 13, 12, 13, 12, 13, -1, -1, -1, -1, 14, -1, -1, -1, -1, -1, 15, 11, 7, 6, -1, -1, -1, -1, 5, 6, 2, 3, 
Episode: 43, Agent Path: 7, 11, -1, -1, -1, -1, -1, -1, -1, -1, -1, -1, -1, -1, -1, -1, -1, -1, -1, -1, -1, -1, -1, -1, -1, -1, -1, -1, -1, -1, -1, -1, -1, -1, -1, -1, -1, -1, -1, -1, -1, -1, -1, -1, -1, -1, -1, -1, -1, -1, -1, -1, -1, -1, -1, -1, -1, 15, -1, -1, -1, -1, -1, -1, -1, -1, -1, 14, -1, -1, -1, 13, 12, 13, 12, 13, -1, -1, -1, -1, 14, -1, -1, -1, -1, -1, 15, 11, 7, 6, -1, -1, -1, -1, 5, 6, 2, 3, 
Episode: 44, Agent Path: 7, 11, -1, -1, -1, -1, -1, -1, -1, -1, -1, -1, -1, -1, -1, -1, -1, -1, -1, -1, -1, -1, -1, -1, -1, -1, -1, -1, -1, -1, -1, -1, -1, -1, -1, -1, -1, -1, -1, -1, -1, -1, -1, -1, -1, -1, -1, -1, -1, -1, -1, -1, -1, -1, -1, -1, -1, 15, -1, -1, -1, -1, -1, -1, -1, -1, -1, 14, -1, -1, -1, 13, 12, 13, 12, 13, -1, -1, -1, -1, 14, -1, -1, -1, -1, -1, 15, 11, 7, 6, -1, -1, -1, -1, 5, 6, 2, 3, 
Episode: 44, Agent Path: 7, 11, -1, -1, -1, -1, -1, -1, -1, -1, -1, -1, -1, -1, -1, -1, -1, -1, -1, -1, -1, -1, -1, -1, -1, -1, -1, -1, -1, -1, -1, -1, -1, -1, -1, -1, -1, -1, -1, -1, -1, -1, -1, -1, -1, -1, -1, -1, -1, -1, -1, -1, -1, -1, -1, -1, -1, 15, -1, -1, -1, -1, -1, -1, -1, -1, -1, 14, -1, -1, -1, 13, 12, 13, 12, 13, -1, -1, -1, -1, 14, -1, -1, -1, -1, -1, 15, 11, 7, 6, -1, -1, -1, -1, 5, 6, 2, 3, 
Episode: 45, Agent Path: 7, 11, -1, -1, -1, -1, -1, -1, -1, -1, -1, -1, -1, -1, -1, -1, -1, -1, -1, -1, -1, -1, -1, -1, -1, -1, -1, -1, -1, -1, -1, -1, -1, -1, -1, -1, -1, -1, -1, -1, -1, -1, -1, -1, -1, -1, -1, -1, -1, -1, -1, -1, -1, -1, -1, -1, -1, 15, -1, -1, -1, -1, -1, -1, -1, -1, -1, 14, -1, -1, -1, 13, 12, 13, 12, 13, -1, -1, -1, -1, 14, -1, -1, -1, -1, -1, 15, 11, 7, 6, -1, -1, -1, -1, 5, 1, 2, 3, 
Episode: 45, Agent Path: 7, 11, -1, -1, -1, -1, -1, -1, -1, -1, -1, -1, -1, -1, -1, -1, -1, -1, -1, -1, -1, -1, -1, -1, -1, -1, -1, -1, -1, -1, -1, -1, -1, -1, -1, -1, -1, -1, -1, -1, -1, -1, -1, -1, -1, -1, -1, -1, -1, -1, -1, -1, -1, -1, -1, -1, -1, 15, -1, -1, -1, -1, -1, -1, -1, -1, -1, 14, -1, -1, -1, 13, 12, 13, 12, 13, -1, -1, -1, -1, 14, -1, -1, -1, -1, -1, 15, 11, 7, 6, -1, -1, -1, -1, 5, 1, 2, 3, 
Episode: 46, Agent Path: 7, 11, -1, -1, -1, -1, -1, -1, -1, -1, -1, -1, -1, -1, -1, -1, -1, -1, -1, -1, -1, -1, -1, -1, -1, -1, -1, -1, -1, -1, -1, -1, -1, -1, -1, -1, -1, -1, -1, -1, -1, -1, -1, -1, -1, -1, -1, -1, -1, -1, -1, -1, -1, -1, -1, -1, -1, 15, -1, -1, -1, -1, -1, -1, -1, -1, -1, 14, -1, -1, -1, 13, 12, 13, 12, 13, -1, -1, -1, -1, 14, -1, -1, -1, -1, -1, 15, 11, 7, 6, -1, -1, -1, -1, 5, 6, 2, 3, 
Episode: 46, Agent Path: 7, 11, -1, -1, -1, -1, -1, -1, -1, -1, -1, -1, -1, -1, -1, -1, -1, -1, -1, -1, -1, -1, -1, -1, -1, -1, -1, -1, -1, -1, -1, -1, -1, -1, -1, -1, -1, -1, -1, -1, -1, -1, -1, -1, -1, -1, -1, -1, -1, -1, -1, -1, -1, -1, -1, -1, -1, 15, -1, -1, -1, -1, -1, -1, -1, -1, -1, 14, -1, -1, -1, 13, 12, 13, 12, 13, -1, -1, -1, -1, 14, -1, -1, -1, -1, -1, 15, 11, 7, 6, -1, -1, -1, -1, 5, 6, 2, 3, 
Episode: 47, Agent Path: 7, 11, -1, -1, -1, -1, -1, -1, -1, -1, -1, -1, -1, -1, -1, -1, -1, -1, -1, -1, -1, -1, -1, -1, -1, -1, -1, -1, -1, -1, -1, -1, -1, -1, -1, -1, -1, -1, -1, -1, -1, -1, -1, -1, -1, -1, -1, -1, -1, -1, -1, -1, -1, -1, -1, -1, -1, 15, -1, -1, -1, -1, -1, -1, -1, -1, -1, 14, -1, -1, -1, 13, 12, 13, 12, 13, -1, -1, -1, -1, 14, -1, -1, -1, -1, -1, 15, 11, 7, 6, -1, -1, -1, -1, 5, 6, 2, 3, 
Episode: 47, Agent Path: 7, 11, -1, -1, -1, -1, -1, -1, -1, -1, -1, -1, -1, -1, -1, -1, -1, -1, -1, -1, -1, -1, -1, -1, -1, -1, -1, -1, -1, -1, -1, -1, -1, -1, -1, -1, -1, -1, -1, -1, -1, -1, -1, -1, -1, -1, -1, -1, -1, -1, -1, -1, -1, -1, -1, -1, -1, 15, -1, -1, -1, -1, -1, -1, -1, -1, -1, 14, -1, -1, -1, 13, 12, 13, 12, 13, -1, -1, -1, -1, 14, -1, -1, -1, -1, -1, 15, 11, 7, 6, -1, -1, -1, -1, 5, 6, 2, 3, 
Episode: 48, Agent Path: 7, 11, -1, -1, -1, -1, -1, -1, -1, -1, -1, -1, -1, -1, -1, -1, -1, -1, -1, -1, -1, -1, -1, -1, -1, -1, -1, -1, -1, -1, -1, -1, -1, -1, -1, -1, -1, -1, -1, -1, -1, -1, -1, -1, -1, -1, -1, -1, -1, -1, -1, -1, -1, -1, -1, -1, -1, 15, -1, -1, -1, -1, -1, -1, -1, -1, -1, 14, -1, -1, -1, 13, 12, 13, 12, 13, -1, -1, -1, -1, 14, -1, -1, -1, -1, -1, 15, 11, 7, 6, -1, -1, -1, -1, 5, 6, 2, 3, 
Episode: 48, Agent Path: 7, 11, -1, -1, -1, -1, -1, -1, -1, -1, -1, -1, -1, -1, -1, -1, -1, -1, -1, -1, -1, -1, -1, -1, -1, -1, -1, -1, -1, -1, -1, -1, -1, -1, -1, -1, -1, -1, -1, -1, -1, -1, -1, -1, -1, -1, -1, -1, -1, -1, -1, -1, -1, -1, -1, -1, -1, 15, -1, -1, -1, -1, -1, -1, -1, -1, -1, 14, -1, -1, -1, 13, 12, 13, 12, 13, -1, -1, -1, -1, 14, -1, -1, -1, -1, -1, 15, 11, 7, 6, -1, -1, -1, -1, 5, 6, 2, 3, 
Episode: 49, Agent Path: 7, 11, -1, -1, -1, -1, -1, -1, -1, -1, -1, -1, -1, -1, -1, -1, -1, -1, -1, -1, -1, -1, -1, -1, -1, -1, -1, -1, -1, -1, -1, -1, -1, -1, -1, -1, -1, -1, -1, -1, -1, -1, -1, -1, -1, -1, -1, -1, -1, -1, -1, -1, -1, -1, -1, -1, -1, 15, -1, -1, -1, -1, -1, -1, -1, -1, -1, 14, -1, -1, -1, 13, 12, 13, 12, 13, -1, -1, -1, -1, 14, -1, -1, -1, -1, -1, 15, 11, 7, 6, -1, -1, -1, -1, 5, 6, 2, 3, 
Episode: 49, Agent Path: 7, 11, -1, -1, -1, -1, -1, -1, -1, -1, -1, -1, -1, -1, -1, -1, -1, -1, -1, -1, -1, -1, -1, -1, -1, -1, -1, -1, -1, -1, -1, -1, -1, -1, -1, -1, -1, -1, -1, -1, -1, -1, -1, -1, -1, -1, -1, -1, -1, -1, -1, -1, -1, -1, -1, -1, -1, 15, -1, -1, -1, -1, -1, -1, -1, -1, -1, 14, -1, -1, -1, 13, 12, 13, 12, 13, -1, -1, -1, -1, 14, -1, -1, -1, -1, -1, 15, 11, 7, 6, -1, -1, -1, -1, 5, 6, 2, 3, 
Episode: 50, Agent Path: 7, 11, -1, -1, -1, -1, -1, -1, -1, -1, -1, -1, -1, -1, -1, -1, -1, -1, -1, -1, -1, -1, -1, -1, -1, -1, -1, -1, -1, -1, -1, -1, -1, -1, -1, -1, -1, -1, -1, -1, -1, -1, -1, -1, -1, -1, -1, -1, -1, -1, -1, -1, -1, -1, -1, -1, -1, 15, -1, -1, -1, -1, -1, -1, -1, -1, -1, 14, -1, -1, -1, 13, 12, 13, 12, 13, -1, -1, -1, -1, 14, -1, -1, -1, -1, -1, 15, 11, 7, 6, -1, -1, -1, -1, 5, 1, 2, 3, 
Episode: 50, Agent Path: 7, 11, -1, -1, -1, -1, -1, -1, -1, -1, -1, -1, -1, -1, -1, -1, -1, -1, -1, -1, -1, -1, -1, -1, -1, -1, -1, -1, -1, -1, -1, -1, -1, -1, -1, -1, -1, -1, -1, -1, -1, -1, -1, -1, -1, -1, -1, -1, -1, -1, -1, -1, -1, -1, -1, -1, -1, 15, -1, -1, -1, -1, -1, -1, -1, -1, -1, 14, -1, -1, -1, 13, 12, 13, 12, 13, -1, -1, -1, -1, 14, -1, -1, -1, -1, -1, 15, 11, 7, 6, -1, -1, -1, -1, 5, 1, 2, 3, 
Episode: 51, Agent Path: 7, 11, -1, -1, -1, -1, -1, -1, -1, -1, -1, -1, -1, -1, -1, -1, -1, -1, -1, -1, -1, -1, -1, -1, -1, -1, -1, -1, -1, -1, -1, -1, -1, -1, -1, -1, -1, -1, -1, -1, -1, -1, -1, -1, -1, -1, -1, -1, -1, -1, -1, -1, -1, -1, -1, -1, -1, 15, -1, -1, -1, -1, -1, -1, -1, -1, -1, 14, -1, -1, -1, 13, 12, 13, 12, 13, -1, -1, -1, -1, 14, -1, -1, -1, -1, -1, 15, 11, 7, 6, -1, -1, -1, -1, 5, 1, 2, 3, 
Episode: 51, Agent Path: 7, 11, -1, -1, -1, -1, -1, -1, -1, -1, -1, -1, -1, -1, -1, -1, -1, -1, -1, -1, -1, -1, -1, -1, -1, -1, -1, -1, -1, -1, -1, -1, -1, -1, -1, -1, -1, -1, -1, -1, -1, -1, -1, -1, -1, -1, -1, -1, -1, -1, -1, -1, -1, -1, -1, -1, -1, 15, -1, -1, -1, -1, -1, -1, -1, -1, -1, 14, -1, -1, -1, 13, 12, 13, 12, 13, -1, -1, -1, -1, 14, -1, -1, -1, -1, -1, 15, 11, 7, 6, -1, -1, -1, -1, 5, 1, 2, 3, 
Episode: 52, Agent Path: 7, 11, -1, -1, -1, -1, -1, -1, -1, -1, -1, -1, -1, -1, -1, -1, -1, -1, -1, -1, -1, -1, -1, -1, -1, -1, -1, -1, -1, -1, -1, -1, -1, -1, -1, -1, -1, -1, -1, -1, -1, -1, -1, -1, -1, -1, -1, -1, -1, -1, -1, -1, -1, -1, -1, -1, -1, 15, -1, -1, -1, -1, -1, -1, -1, -1, -1, 14, -1, -1, -1, 13, 12, 13, 12, 13, -1, -1, -1, -1, 14, -1, -1, -1, -1, -1, 15, 11, 7, 6, -1, -1, -1, -1, 5, 1, 2, 3, 
Episode: 52, Agent Path: 7, 11, -1, -1, -1, -1, -1, -1, -1, -1, -1, -1, -1, -1, -1, -1, -1, -1, -1, -1, -1, -1, -1, -1, -1, -1, -1, -1, -1, -1, -1, -1, -1, -1, -1, -1, -1, -1, -1, -1, -1, -1, -1, -1, -1, -1, -1, -1, -1, -1, -1, -1, -1, -1, -1, -1, -1, 15, -1, -1, -1, -1, -1, -1, -1, -1, -1, 14, -1, -1, -1, 13, 12, 13, 12, 13, -1, -1, -1, -1, 14, -1, -1, -1, -1, -1, 15, 11, 7, 6, -1, -1, -1, -1, 5, 1, 2, 3, 
Episode: 53, Agent Path: 7, 11, -1, -1, -1, -1, -1, -1, -1, -1, -1, -1, -1, -1, -1, -1, -1, -1, -1, -1, -1, -1, -1, -1, -1, -1, -1, -1, -1, -1, -1, -1, -1, -1, -1, -1, -1, -1, -1, -1, -1, -1, -1, -1, -1, -1, -1, -1, -1, -1, -1, -1, -1, -1, -1, -1, -1, 15, -1, -1, -1, -1, -1, -1, -1, -1, -1, 14, -1, -1, -1, 13, 12, 13, 12, 13, -1, -1, -1, -1, 14, -1, -1, -1, -1, -1, 15, 11, 7, 6, -1, -1, -1, -1, 5, 6, 2, 3, 
Episode: 53, Agent Path: 7, 11, -1, -1, -1, -1, -1, -1, -1, -1, -1, -1, -1, -1, -1, -1, -1, -1, -1, -1, -1, -1, -1, -1, -1, -1, -1, -1, -1, -1, -1, -1, -1, -1, -1, -1, -1, -1, -1, -1, -1, -1, -1, -1, -1, -1, -1, -1, -1, -1, -1, -1, -1, -1, -1, -1, -1, 15, -1, -1, -1, -1, -1, -1, -1, -1, -1, 14, -1, -1, -1, 13, 12, 13, 12, 13, -1, -1, -1, -1, 14, -1, -1, -1, -1, -1, 15, 11, 7, 6, -1, -1, -1, -1, 5, 6, 2, 3, 
Episode: 54, Agent Path: 7, 11, -1, -1, -1, -1, -1, -1, -1, -1, -1, -1, -1, -1, -1, -1, -1, -1, -1, -1, -1, -1, -1, -1, -1, -1, -1, -1, -1, -1, -1, -1, -1, -1, -1, -1, -1, -1, -1, -1, -1, -1, -1, -1, -1, -1, -1, -1, -1, -1, -1, -1, -1, -1, -1, -1, -1, 15, -1, -1, -1, -1, -1, -1, -1, -1, -1, 14, -1, -1, -1, 13, 12, 13, 12, 13, -1, -1, -1, -1, 14, -1, -1, -1, -1, -1, 15, 11, 7, 6, -1, -1, -1, -1, 5, 1, 2, 3, 
Episode: 54, Agent Path: 7, 11, -1, -1, -1, -1, -1, -1, -1, -1, -1, -1, -1, -1, -1, -1, -1, -1, -1, -1, -1, -1, -1, -1, -1, -1, -1, -1, -1, -1, -1, -1, -1, -1, -1, -1, -1, -1, -1, -1, -1, -1, -1, -1, -1, -1, -1, -1, -1, -1, -1, -1, -1, -1, -1, -1, -1, 15, -1, -1, -1, -1, -1, -1, -1, -1, -1, 14, -1, -1, -1, 13, 12, 13, 12, 13, -1, -1, -1, -1, 14, -1, -1, -1, -1, -1, 15, 11, 7, 6, -1, -1, -1, -1, 5, 1, 2, 3, 
Episode: 55, Agent Path: 7, 11, -1, -1, -1, -1, -1, -1, -1, -1, -1, -1, -1, -1, -1, -1, -1, -1, -1, -1, -1, -1, -1, -1, -1, -1, -1, -1, -1, -1, -1, -1, -1, -1, -1, -1, -1, -1, -1, -1, -1, -1, -1, -1, -1, -1, -1, -1, -1, -1, -1, -1, -1, -1, -1, -1, -1, 15, -1, -1, -1, -1, -1, -1, -1, -1, -1, 14, -1, -1, -1, 13, 12, 13, 12, 13, -1, -1, -1, -1, 14, -1, -1, -1, -1, -1, 15, 11, 7, 6, -1, -1, -1, -1, 5, 6, 2, 3, 
Episode: 55, Agent Path: 7, 11, -1, -1, -1, -1, -1, -1, -1, -1, -1, -1, -1, -1, -1, -1, -1, -1, -1, -1, -1, -1, -1, -1, -1, -1, -1, -1, -1, -1, -1, -1, -1, -1, -1, -1, -1, -1, -1, -1, -1, -1, -1, -1, -1, -1, -1, -1, -1, -1, -1, -1, -1, -1, -1, -1, -1, 15, -1, -1, -1, -1, -1, -1, -1, -1, -1, 14, -1, -1, -1, 13, 12, 13, 12, 13, -1, -1, -1, -1, 14, -1, -1, -1, -1, -1, 15, 11, 7, 6, -1, -1, -1, -1, 5, 6, 2, 3, 
Episode: 56, Agent Path: 7, 11, -1, -1, -1, -1, -1, -1, -1, -1, -1, -1, -1, -1, -1, -1, -1, -1, -1, -1, -1, -1, -1, -1, -1, -1, -1, -1, -1, -1, -1, -1, -1, -1, -1, -1, -1, -1, -1, -1, -1, -1, -1, -1, -1, -1, -1, -1, -1, -1, -1, -1, -1, -1, -1, -1, -1, 15, -1, -1, -1, -1, -1, -1, -1, -1, -1, 14, -1, -1, -1, 13, 12, 13, 12, 13, -1, -1, -1, -1, 14, -1, -1, -1, -1, -1, 15, 11, 7, 6, -1, -1, -1, -1, 5, 6, 2, 3, 
Episode: 56, Agent Path: 7, 11, -1, -1, -1, -1, -1, -1, -1, -1, -1, -1, -1, -1, -1, -1, -1, -1, -1, -1, -1, -1, -1, -1, -1, -1, -1, -1, -1, -1, -1, -1, -1, -1, -1, -1, -1, -1, -1, -1, -1, -1, -1, -1, -1, -1, -1, -1, -1, -1, -1, -1, -1, -1, -1, -1, -1, 15, -1, -1, -1, -1, -1, -1, -1, -1, -1, 14, -1, -1, -1, 13, 12, 13, 12, 13, -1, -1, -1, -1, 14, -1, -1, -1, -1, -1, 15, 11, 7, 6, -1, -1, -1, -1, 5, 6, 2, 3, 
Episode: 57, Agent Path: 7, 11, -1, -1, -1, -1, -1, -1, -1, -1, -1, -1, -1, -1, -1, -1, -1, -1, -1, -1, -1, -1, -1, -1, -1, -1, -1, -1, -1, -1, -1, -1, -1, -1, -1, -1, -1, -1, -1, -1, -1, -1, -1, -1, -1, -1, -1, -1, -1, -1, -1, -1, -1, -1, -1, -1, -1, 15, -1, -1, -1, -1, -1, -1, -1, -1, -1, 14, -1, -1, -1, 13, 12, 13, 12, 13, -1, -1, -1, -1, 14, -1, -1, -1, -1, -1, 15, 11, 7, 6, -1, -1, -1, -1, 5, 1, 2, 3, 
Episode: 57, Agent Path: 7, 11, -1, -1, -1, -1, -1, -1, -1, -1, -1, -1, -1, -1, -1, -1, -1, -1, -1, -1, -1, -1, -1, -1, -1, -1, -1, -1, -1, -1, -1, -1, -1, -1, -1, -1, -1, -1, -1, -1, -1, -1, -1, -1, -1, -1, -1, -1, -1, -1, -1, -1, -1, -1, -1, -1, -1, 15, -1, -1, -1, -1, -1, -1, -1, -1, -1, 14, -1, -1, -1, 13, 12, 13, 12, 13, -1, -1, -1, -1, 14, -1, -1, -1, -1, -1, 15, 11, 7, 6, -1, -1, -1, -1, 5, 1, 2, 3, 
Episode: 58, Agent Path: 7, 11, -1, -1, -1, -1, -1, -1, -1, -1, -1, -1, -1, -1, -1, -1, -1, -1, -1, -1, -1, -1, -1, -1, -1, -1, -1, -1, -1, -1, -1, -1, -1, -1, -1, -1, -1, -1, -1, -1, -1, -1, -1, -1, -1, -1, -1, -1, -1, -1, -1, -1, -1, -1, -1, -1, -1, 15, -1, -1, -1, -1, -1, -1, -1, -1, -1, 14, -1, -1, -1, 13, 12, 13, 12, 13, -1, -1, -1, -1, 14, -1, -1, -1, -1, -1, 15, 11, 7, 6, -1, -1, -1, -1, 5, 6, 2, 3, 
Episode: 58, Agent Path: 7, 11, -1, -1, -1, -1, -1, -1, -1, -1, -1, -1, -1, -1, -1, -1, -1, -1, -1, -1, -1, -1, -1, -1, -1, -1, -1, -1, -1, -1, -1, -1, -1, -1, -1, -1, -1, -1, -1, -1, -1, -1, -1, -1, -1, -1, -1, -1, -1, -1, -1, -1, -1, -1, -1, -1, -1, 15, -1, -1, -1, -1, -1, -1, -1, -1, -1, 14, -1, -1, -1, 13, 12, 13, 12, 13, -1, -1, -1, -1, 14, -1, -1, -1, -1, -1, 15, 11, 7, 6, -1, -1, -1, -1, 5, 6, 2, 3, 
Episode: 59, Agent Path: 7, 11, -1, -1, -1, -1, -1, -1, -1, -1, -1, -1, -1, -1, -1, -1, -1, -1, -1, -1, -1, -1, -1, -1, -1, -1, -1, -1, -1, -1, -1, -1, -1, -1, -1, -1, -1, -1, -1, -1, -1, -1, -1, -1, -1, -1, -1, -1, -1, -1, -1, -1, -1, -1, -1, -1, -1, 15, -1, -1, -1, -1, -1, -1, -1, -1, -1, 14, -1, -1, -1, 13, 12, 13, 12, 13, -1, -1, -1, -1, 14, -1, -1, -1, -1, -1, 15, 11, 7, 6, -1, -1, -1, -1, 5, 6, 2, 3, 
Episode: 59, Agent Path: 7, 11, -1, -1, -1, -1, -1, -1, -1, -1, -1, -1, -1, -1, -1, -1, -1, -1, -1, -1, -1, -1, -1, -1, -1, -1, -1, -1, -1, -1, -1, -1, -1, -1, -1, -1, -1, -1, -1, -1, -1, -1, -1, -1, -1, -1, -1, -1, -1, -1, -1, -1, -1, -1, -1, -1, -1, 15, -1, -1, -1, -1, -1, -1, -1, -1, -1, 14, -1, -1, -1, 13, 12, 13, 12, 13, -1, -1, -1, -1, 14, -1, -1, -1, -1, -1, 15, 11, 7, 6, -1, -1, -1, -1, 5, 6, 2, 3, 
Episode: 60, Agent Path: 7, 11, -1, -1, -1, -1, -1, -1, -1, -1, -1, -1, -1, -1, -1, -1, -1, -1, -1, -1, -1, -1, -1, -1, -1, -1, -1, -1, -1, -1, -1, -1, -1, -1, -1, -1, -1, -1, -1, -1, -1, -1, -1, -1, -1, -1, -1, -1, -1, -1, -1, -1, -1, -1, -1, -1, -1, 15, -1, -1, -1, -1, -1, -1, -1, -1, -1, 14, -1, -1, -1, 13, 12, 13, 12, 13, -1, -1, -1, -1, 14, -1, -1, -1, -1, -1, 15, 11, 7, 6, -1, -1, -1, -1, 5, 6, 2, 3, 
Episode: 60, Agent Path: 7, 11, -1, -1, -1, -1, -1, -1, -1, -1, -1, -1, -1, -1, -1, -1, -1, -1, -1, -1, -1, -1, -1, -1, -1, -1, -1, -1, -1, -1, -1, -1, -1, -1, -1, -1, -1, -1, -1, -1, -1, -1, -1, -1, -1, -1, -1, -1, -1, -1, -1, -1, -1, -1, -1, -1, -1, 15, -1, -1, -1, -1, -1, -1, -1, -1, -1, 14, -1, -1, -1, 13, 12, 13, 12, 13, -1, -1, -1, -1, 14, -1, -1, -1, -1, -1, 15, 11, 7, 6, -1, -1, -1, -1, 5, 6, 2, 3, 
Episode: 61, Agent Path: 2, -1, -1, -1, -1, -1, -1, -1, -1, -1, -1, -1, -1, -1, -1, -1, -1, -1, -1, -1, -1, -1, -1, -1, -1, -1, -1, -1, -1, -1, -1, -1, -1, -1, -1, -1, -1, -1, -1, -1, -1, -1, -1, -1, -1, -1, -1, -1, -1, -1, -1, -1, -1, -1, -1, -1, -1, -1, -1, -1, -1, -1, -1, -1, -1, -1, -1, -1, -1, -1, -1, -1, -1, -1, -1, -1, 1, 5, 1, 2, 3, 
Episode: 61, Agent Path: 2, -1, -1, -1, -1, -1, -1, -1, -1, -1, -1, -1, -1, -1, -1, -1, -1, -1, -1, -1, -1, -1, -1, -1, -1, -1, -1, -1, -1, -1, -1, -1, -1, -1, -1, -1, -1, -1, -1, -1, -1, -1, -1, -1, -1, -1, -1, -1, -1, -1, -1, -1, -1, -1, -1, -1, -1, -1, -1, -1, -1, -1, -1, -1, -1, -1, -1, -1, -1, -1, -1, -1, -1, -1, -1, -1, 1, 5, 1, 2, 3, 
Episode: 62, Agent Path: 2, -1, -1, -1, -1, -1, -1, -1, -1, -1, -1, -1, -1, -1, -1, -1, -1, -1, -1, -1, -1, -1, -1, -1, -1, -1, -1, -1, -1, -1, -1, -1, -1, -1, -1, -1, -1, -1, -1, -1, -1, -1, -1, -1, -1, -1, -1, -1, -1, -1, -1, -1, -1, -1, -1, -1, -1, -1, -1, -1, -1, -1, -1, -1, -1, -1, -1, -1, -1, -1, -1, -1, -1, -1, -1, -1, 1, 5, 1, 2, 3, 
Episode: 62, Agent Path: 2, -1, -1, -1, -1, -1, -1, -1, -1, -1, -1, -1, -1, -1, -1, -1, -1, -1, -1, -1, -1, -1, -1, -1, -1, -1, -1, -1, -1, -1, -1, -1, -1, -1, -1, -1, -1, -1, -1, -1, -1, -1, -1, -1, -1, -1, -1, -1, -1, -1, -1, -1, -1, -1, -1, -1, -1, -1, -1, -1, -1, -1, -1, -1, -1, -1, -1, -1, -1, -1, -1, -1, -1, -1, -1, -1, 1, 5, 1, 2, 3, 
Episode: 63, Agent Path: 2, -1, -1, -1, -1, -1, -1, -1, -1, -1, -1, -1, -1, -1, -1, -1, -1, -1, -1, -1, -1, -1, -1, -1, -1, -1, -1, -1, -1, -1, -1, -1, -1, -1, -1, -1, -1, -1, -1, -1, -1, -1, -1, -1, -1, -1, -1, -1, -1, -1, -1, -1, -1, -1, -1, -1, -1, -1, -1, -1, -1, -1, -1, -1, -1, -1, -1, -1, -1, -1, -1, -1, -1, -1, -1, -1, 1, 5, 1, 2, 3, 
Episode: 63, Agent Path: 2, -1, -1, -1, -1, -1, -1, -1, -1, -1, -1, -1, -1, -1, -1, -1, -1, -1, -1, -1, -1, -1, -1, -1, -1, -1, -1, -1, -1, -1, -1, -1, -1, -1, -1, -1, -1, -1, -1, -1, -1, -1, -1, -1, -1, -1, -1, -1, -1, -1, -1, -1, -1, -1, -1, -1, -1, -1, -1, -1, -1, -1, -1, -1, -1, -1, -1, -1, -1, -1, -1, -1, -1, -1, -1, -1, 1, 5, 1, 2, 3, 
Episode: 64, Agent Path: 2, -1, -1, -1, -1, -1, -1, -1, -1, -1, -1, -1, -1, -1, -1, -1, -1, -1, -1, -1, -1, -1, -1, -1, -1, -1, -1, -1, -1, -1, -1, -1, -1, -1, -1, -1, -1, -1, -1, -1, -1, -1, -1, -1, -1, -1, -1, -1, -1, -1, -1, -1, -1, -1, -1, -1, -1, -1, -1, -1, -1, -1, -1, -1, -1, -1, -1, -1, -1, -1, -1, -1, -1, -1, -1, -1, 1, 5, 1, 2, 3, 
Episode: 64, Agent Path: 2, -1, -1, -1, -1, -1, -1, -1, -1, -1, -1, -1, -1, -1, -1, -1, -1, -1, -1, -1, -1, -1, -1, -1, -1, -1, -1, -1, -1, -1, -1, -1, -1, -1, -1, -1, -1, -1, -1, -1, -1, -1, -1, -1, -1, -1, -1, -1, -1, -1, -1, -1, -1, -1, -1, -1, -1, -1, -1, -1, -1, -1, -1, -1, -1, -1, -1, -1, -1, -1, -1, -1, -1, -1, -1, -1, 1, 5, 1, 2, 3, 
Episode: 65, Agent Path: 2, -1, -1, -1, -1, -1, -1, -1, -1, -1, -1, -1, -1, -1, -1, -1, -1, -1, -1, -1, -1, -1, -1, -1, -1, -1, -1, -1, -1, -1, -1, -1, -1, -1, -1, -1, -1, -1, -1, -1, -1, -1, -1, -1, -1, -1, -1, -1, -1, -1, -1, -1, -1, -1, -1, -1, -1, -1, -1, -1, -1, -1, -1, -1, -1, -1, -1, -1, -1, -1, -1, -1, -1, -1, -1, -1, 1, 5, 1, 2, 3, 
Episode: 65, Agent Path: 2, -1, -1, -1, -1, -1, -1, -1, -1, -1, -1, -1, -1, -1, -1, -1, -1, -1, -1, -1, -1, -1, -1, -1, -1, -1, -1, -1, -1, -1, -1, -1, -1, -1, -1, -1, -1, -1, -1, -1, -1, -1, -1, -1, -1, -1, -1, -1, -1, -1, -1, -1, -1, -1, -1, -1, -1, -1, -1, -1, -1, -1, -1, -1, -1, -1, -1, -1, -1, -1, -1, -1, -1, -1, -1, -1, 1, 5, 1, 2, 3, 
Episode: 66, Agent Path: 2, -1, -1, -1, -1, -1, -1, -1, -1, -1, -1, -1, -1, -1, -1, -1, -1, -1, -1, -1, -1, -1, -1, -1, -1, -1, -1, -1, -1, -1, -1, -1, -1, -1, -1, -1, -1, -1, -1, -1, -1, -1, -1, -1, -1, -1, -1, -1, -1, -1, -1, -1, -1, -1, -1, -1, -1, -1, -1, -1, -1, -1, -1, -1, -1, -1, -1, -1, -1, -1, -1, -1, -1, -1, -1, -1, 1, 5, 1, 2, 3, 
Episode: 66, Agent Path: 2, -1, -1, -1, -1, -1, -1, -1, -1, -1, -1, -1, -1, -1, -1, -1, -1, -1, -1, -1, -1, -1, -1, -1, -1, -1, -1, -1, -1, -1, -1, -1, -1, -1, -1, -1, -1, -1, -1, -1, -1, -1, -1, -1, -1, -1, -1, -1, -1, -1, -1, -1, -1, -1, -1, -1, -1, -1, -1, -1, -1, -1, -1, -1, -1, -1, -1, -1, -1, -1, -1, -1, -1, -1, -1, -1, 1, 5, 1, 2, 3, 
Episode: 67, Agent Path: 2, -1, -1, -1, -1, -1, -1, -1, -1, -1, -1, -1, -1, -1, -1, -1, -1, -1, -1, -1, -1, -1, -1, -1, -1, -1, -1, -1, -1, -1, -1, -1, -1, -1, -1, -1, -1, -1, -1, -1, -1, -1, -1, -1, -1, -1, -1, -1, -1, -1, -1, -1, -1, -1, -1, -1, -1, -1, -1, -1, -1, -1, -1, -1, -1, -1, -1, -1, -1, -1, -1, -1, -1, -1, -1, -1, 1, 5, 1, 2, 3, 
Episode: 67, Agent Path: 2, -1, -1, -1, -1, -1, -1, -1, -1, -1, -1, -1, -1, -1, -1, -1, -1, -1, -1, -1, -1, -1, -1, -1, -1, -1, -1, -1, -1, -1, -1, -1, -1, -1, -1, -1, -1, -1, -1, -1, -1, -1, -1, -1, -1, -1, -1, -1, -1, -1, -1, -1, -1, -1, -1, -1, -1, -1, -1, -1, -1, -1, -1, -1, -1, -1, -1, -1, -1, -1, -1, -1, -1, -1, -1, -1, 1, 5, 1, 2, 3, 
Episode: 68, Agent Path: 2, -1, -1, -1, -1, -1, -1, -1, -1, -1, -1, -1, -1, -1, -1, -1, -1, -1, -1, -1, -1, -1, -1, -1, -1, -1, -1, -1, -1, -1, -1, -1, -1, -1, -1, -1, -1, -1, -1, -1, -1, -1, -1, -1, -1, -1, -1, -1, -1, -1, -1, -1, -1, -1, -1, -1, -1, -1, -1, -1, -1, -1, -1, -1, -1, -1, -1, -1, -1, -1, -1, -1, -1, -1, -1, -1, 1, 5, 1, 2, 3, 
Episode: 68, Agent Path: 2, -1, -1, -1, -1, -1, -1, -1, -1, -1, -1, -1, -1, -1, -1, -1, -1, -1, -1, -1, -1, -1, -1, -1, -1, -1, -1, -1, -1, -1, -1, -1, -1, -1, -1, -1, -1, -1, -1, -1, -1, -1, -1, -1, -1, -1, -1, -1, -1, -1, -1, -1, -1, -1, -1, -1, -1, -1, -1, -1, -1, -1, -1, -1, -1, -1, -1, -1, -1, -1, -1, -1, -1, -1, -1, -1, 1, 5, 1, 2, 3, 
Episode: 69, Agent Path: 2, -1, -1, -1, -1, -1, -1, -1, -1, -1, -1, -1, -1, -1, -1, -1, -1, -1, -1, -1, -1, -1, -1, -1, -1, -1, -1, -1, -1, -1, -1, -1, -1, -1, -1, -1, -1, -1, -1, -1, -1, -1, -1, -1, -1, -1, -1, -1, -1, -1, -1, -1, -1, -1, -1, -1, -1, -1, -1, -1, -1, -1, -1, -1, -1, -1, -1, -1, -1, -1, -1, -1, -1, -1, -1, -1, 1, 5, 1, 2, 3, 
Episode: 69, Agent Path: 2, -1, -1, -1, -1, -1, -1, -1, -1, -1, -1, -1, -1, -1, -1, -1, -1, -1, -1, -1, -1, -1, -1, -1, -1, -1, -1, -1, -1, -1, -1, -1, -1, -1, -1, -1, -1, -1, -1, -1, -1, -1, -1, -1, -1, -1, -1, -1, -1, -1, -1, -1, -1, -1, -1, -1, -1, -1, -1, -1, -1, -1, -1, -1, -1, -1, -1, -1, -1, -1, -1, -1, -1, -1, -1, -1, 1, 5, 1, 2, 3, 
Episode: 70, Agent Path: 2, -1, -1, -1, -1, -1, -1, -1, -1, -1, -1, -1, -1, -1, -1, -1, -1, -1, -1, -1, -1, -1, -1, -1, -1, -1, -1, -1, -1, -1, -1, -1, -1, -1, -1, -1, -1, -1, -1, -1, -1, -1, -1, -1, -1, -1, -1, -1, -1, -1, -1, -1, -1, -1, -1, -1, -1, -1, -1, -1, -1, -1, -1, -1, -1, -1, -1, -1, -1, -1, -1, -1, -1, -1, -1, -1, 1, 5, 1, 2, 3, 
Episode: 70, Agent Path: 2, -1, -1, -1, -1, -1, -1, -1, -1, -1, -1, -1, -1, -1, -1, -1, -1, -1, -1, -1, -1, -1, -1, -1, -1, -1, -1, -1, -1, -1, -1, -1, -1, -1, -1, -1, -1, -1, -1, -1, -1, -1, -1, -1, -1, -1, -1, -1, -1, -1, -1, -1, -1, -1, -1, -1, -1, -1, -1, -1, -1, -1, -1, -1, -1, -1, -1, -1, -1, -1, -1, -1, -1, -1, -1, -1, 1, 5, 1, 2, 3, 
Episode: 71, Agent Path: 2, 1, 5, 1, 2, 3, 
Episode: 71, Agent Path: 2, 1, 5, 1, 2, 3, 
Episode: 72, Agent Path: 2, 1, 5, 1, 2, 3, 
Episode: 72, Agent Path: 2, 1, 5, 1, 2, 3, 
Episode: 73, Agent Path: 2, 1, 5, 1, 2, 3, 
Episode: 73, Agent Path: 2, 1, 5, 1, 2, 3, 
Episode: 74, Agent Path: 2, 1, 5, 1, 2, 3, 
Episode: 74, Agent Path: 2, 1, 5, 1, 2, 3, 
Episode: 75, Agent Path: 2, 1, 5, 1, 2, 3, 
Episode: 75, Agent Path: 2, 1, 5, 1, 2, 3, 
Episode: 76, Agent Path: 2, 1, 5, 1, 2, 3, 
Episode: 76, Agent Path: 2, 1, 5, 1, 2, 3, 
Episode: 77, Agent Path: 2, 1, 5, 1, 2, 3, 
Episode: 77, Agent Path: 2, 1, 5, 1, 2, 3, 
Episode: 78, Agent Path: 2, 1, 5, 1, 2, 3, 
Episode: 78, Agent Path: 2, 1, 5, 1, 2, 3, 
Episode: 79, Agent Path: 2, 1, 5, 1, 2, 3, 
Episode: 79, Agent Path: 2, 1, 5, 1, 2, 3, 
Episode: 80, Agent Path: 2, 1, 5, 1, 2, 3, 
